597,597
0,1,5
0,2,7
0,3,11
0,8,1
0,12,3
0,13,1
0,15,1
0,19,1
0,20,1
0,21,1
0,26,2
0,27,2
0,28,3
0,30,5
0,32,8
0,39,2
0,40,2
0,41,1
0,42,1
0,45,2
0,46,1
0,49,1
0,50,1
0,51,1
0,52,1
0,53,1
0,54,1
0,55,1
0,56,1
0,57,1
0,58,1
0,59,1
0,60,2
0,61,3
0,64,2
0,65,2
0,74,2
0,75,2
0,76,2
0,82,5
0,83,5
0,84,2
0,85,1
0,86,3
0,87,3
0,88,1
0,91,1
0,92,1
0,102,2
0,103,2
0,105,1
0,108,4
0,109,5
0,110,4
0,115,1
0,116,1
0,117,1
0,118,1
0,126,1
0,127,1
0,128,1
0,129,1
0,130,1
0,131,3
0,132,2
0,133,2
0,134,4
0,136,6
0,137,2
0,138,3
0,139,3
0,143,1
0,144,1
0,148,1
0,151,2
0,152,7
0,154,1
0,155,1
0,158,19
0,160,2
0,161,2
0,162,4
0,166,2
0,168,3
0,169,2
0,182,2
0,183,5
0,184,1
0,189,3
0,190,9
0,192,1
0,193,1
0,194,1
0,195,1
0,196,3
0,198,1
0,199,1
0,206,1
0,207,1
0,208,1
0,209,1
0,214,1
0,219,1
0,220,3
0,221,3
0,223,2
0,224,2
0,225,2
0,226,2
0,230,1
0,231,1
0,232,1
0,234,1
0,235,1
0,236,1
0,238,3
0,239,1
0,242,1
0,243,2
0,244,9
0,245,4
0,247,2
0,248,5
0,249,1
0,250,1
0,251,1
0,253,1
0,254,1
0,255,1
0,256,3
0,257,1
0,259,1
0,260,1
0,261,3
0,266,3
0,267,13
0,270,3
0,273,1
0,284,1
0,285,1
0,286,2
0,287,1
0,288,1
0,291,5
0,292,1
0,293,1
0,294,1
0,295,1
0,296,1
0,297,1
0,298,1
0,299,1
0,303,1
0,305,1
0,306,1
0,307,1
0,308,1
0,314,4
0,315,15
0,321,2
0,322,3
0,323,3
0,336,2
0,337,11
0,346,1
0,347,1
0,348,1
0,349,1
0,352,1
0,353,2
0,354,2
0,356,3
0,359,4
0,360,2
0,361,2
0,368,1
0,369,1
0,370,1
0,371,2
0,372,2
0,373,1
0,374,1
0,375,1
0,376,12
0,377,1
0,378,5
0,384,1
0,385,6
0,387,6
0,388,12
0,393,12
0,395,1
0,396,1
0,397,1
0,398,1
0,399,1
0,400,1
0,401,5
0,402,6
0,403,1
0,405,1
0,409,1
0,410,1
0,411,2
0,412,1
0,418,1
0,419,1
0,420,1
0,421,1
0,422,1
0,423,1
0,424,1
0,425,2
0,426,2
0,428,1
0,429,1
0,434,1
0,435,1
0,440,1
0,441,1
0,442,1
0,443,1
0,444,1
0,445,1
0,446,1
0,447,1
0,448,1
0,449,1
0,450,1
0,451,1
0,452,1
0,453,1
0,454,1
0,455,1
0,456,1
0,457,1
0,458,1
0,459,1
0,460,1
0,461,1
0,462,1
0,463,1
0,464,1
0,465,1
0,466,1
0,467,1
0,468,1
0,469,1
0,470,1
0,471,1
0,472,1
0,474,8
0,485,5
0,486,1
0,487,1
0,488,1
0,500,1
0,503,1
0,510,1
0,511,1
0,512,1
0,513,2
0,514,2
0,515,1
0,536,3
0,540,1
0,544,2
0,552,1
0,557,2
0,558,2
0,565,2
0,566,1
0,568,1
0,569,1
0,574,1
0,575,1
0,576,1
0,577,1
0,578,1
0,579,1
0,580,1
0,581,1
0,582,1
0,583,1
0,584,1
0,585,1
0,586,1
0,587,1
0,588,1
0,589,1
0,590,1
1,4,1
1,72,1
1,73,1
2,3,7
2,12,2
3,12,3
3,13,1
3,28,3
4,5,1
4,6,1
4,7,1
4,9,1
4,10,3
4,11,4
4,14,1
4,16,7
4,17,1
4,18,1
4,22,7
4,23,9
4,24,3
4,25,1
4,27,2
4,28,11
4,29,2
4,31,1
4,33,4
4,34,3
4,35,17
4,36,1
4,37,5
4,38,1
4,43,1
4,44,1
4,47,2
4,48,2
4,62,1
4,63,1
4,66,1
4,67,3
4,68,4
4,69,2
4,70,1
4,71,11
4,72,1
4,73,1
4,77,11
4,78,1
4,79,1
4,80,1
4,81,1
4,89,1
4,90,1
4,93,1
4,94,2
4,95,6
4,96,6
4,97,2
4,98,1
4,99,3
4,100,2
4,101,1
4,104,1
4,106,1
4,107,1
4,110,35
4,111,4
4,112,1
4,113,2
4,114,4
4,119,3
4,120,3
4,121,1
4,122,1
4,123,1
4,124,1
4,125,1
4,135,2
4,140,1
4,141,1
4,142,1
4,145,2
4,146,1
4,147,1
4,149,1
4,150,6
4,153,10
4,156,1
4,157,35
4,159,1
4,163,2
4,164,1
4,165,3
4,167,1
4,170,1
4,171,3
4,172,3
4,173,2
4,174,1
4,175,1
4,176,2
4,177,1
4,178,1
4,179,5
4,180,1
4,181,1
4,185,7
4,186,7
4,187,1
4,188,1
4,191,3
4,192,1
4,197,8
4,200,1
4,201,1
4,202,3
4,203,40
4,204,1
4,205,1
4,206,1
4,210,1
4,211,5
4,212,3
4,213,3
4,215,3
4,216,2
4,217,3
4,218,7
4,222,6
4,227,1
4,228,2
4,229,3
4,233,1
4,237,1
4,240,1
4,241,1
4,246,2
4,252,3
4,258,4
4,262,12
4,263,1
4,264,1
4,265,22
4,268,2
4,269,2
4,271,2
4,272,2
4,274,3
4,275,3
4,276,2
4,277,4
4,278,2
4,279,2
4,280,2
4,281,1
4,282,20
4,283,20
4,288,4
4,289,2
4,290,2
4,300,3
4,301,1
4,302,1
4,304,1
4,309,1
4,310,1
4,311,8
4,312,1
4,313,1
4,315,1
4,316,1
4,317,1
4,318,1
4,319,1
4,320,10
4,324,3
4,325,1
4,326,6
4,327,8
4,328,1
4,329,1
4,330,1
4,331,1
4,332,17
4,333,18
4,334,1
4,335,1
4,338,2
4,339,1
4,340,4
4,341,13
4,342,1
4,343,1
4,344,1
4,345,1
4,350,4
4,351,1
4,355,1
4,357,1
4,358,2
4,362,20
4,363,8
4,364,8
4,365,1
4,366,1
4,367,1
4,379,13
4,380,16
4,381,8
4,382,1
4,383,1
4,386,1
4,389,2
4,390,6
4,391,4
4,392,8
4,394,9
4,404,3
4,406,1
4,407,1
4,408,1
4,413,1
4,414,1
4,415,1
4,416,1
4,417,1
4,427,7
4,430,8
4,431,9
4,432,6
4,433,7
4,436,3
4,437,4
4,438,4
4,439,15
4,473,3
4,475,1
4,476,5
4,477,1
4,478,1
4,479,4
4,480,3
4,481,6
4,482,1
4,483,1
4,484,7
4,489,2
4,490,1
4,491,1
4,492,1
4,493,4
4,494,2
4,495,1
4,496,1
4,497,1
4,498,2
4,499,2
4,501,2
4,502,1
4,504,5
4,505,2
4,506,2
4,507,3
4,508,3
4,509,2
4,516,1
4,517,8
4,518,1
4,519,1
4,520,1
4,521,1
4,522,1
4,523,1
4,524,3
4,525,3
4,526,4
4,527,3
4,528,1
4,529,8
4,530,1
4,531,1
4,532,1
4,533,4
4,534,4
4,535,4
4,537,2
4,538,9
4,539,1
4,540,2
4,541,1
4,542,1
4,543,1
4,545,1
4,546,1
4,547,1
4,548,1
4,549,1
4,550,1
4,551,1
4,553,1
4,554,1
4,555,1
4,556,4
4,559,1
4,560,1
4,561,1
4,562,1
4,563,2
4,564,1
4,567,1
4,570,2
4,571,1
4,572,1
4,573,1
4,591,1
4,592,1
4,593,1
4,594,1
4,595,1
4,596,1
5,6,1
10,11,3
10,31,1
11,14,1
11,31,1
12,13,1
16,34,1
16,37,3
17,18,1
19,20,1
19,21,1
20,21,1
22,23,6
22,35,1
22,66,1
22,69,1
23,35,2
23,38,1
23,43,1
23,44,1
23,69,2
24,25,1
24,33,1
24,93,1
27,256,2
27,305,1
28,35,2
28,114,4
28,140,1
28,149,1
29,34,1
32,45,1
32,102,2
32,103,2
32,108,2
32,109,1
32,131,2
32,154,1
32,155,1
35,37,1
35,67,1
35,68,1
35,69,2
35,71,2
35,77,2
35,78,1
35,79,1
35,81,1
35,94,1
35,95,1
35,96,1
35,97,1
35,98,1
35,99,1
35,100,1
35,107,1
35,140,1
39,40,2
39,49,1
39,50,1
39,51,1
39,52,1
39,53,1
39,54,1
39,55,1
39,56,1
40,49,1
40,50,1
40,51,1
40,52,1
40,53,1
40,54,1
40,55,1
40,56,1
41,42,1
43,44,1
45,46,1
49,50,1
49,51,1
49,52,1
49,53,1
49,54,1
49,55,1
49,56,1
50,51,1
50,52,1
50,53,1
50,54,1
50,55,1
50,56,1
51,52,1
51,53,1
51,54,1
51,55,1
51,56,1
52,53,1
52,54,1
52,55,1
52,56,1
53,54,1
53,55,1
53,56,1
54,55,1
54,56,1
55,56,1
58,59,1
58,60,1
59,60,1
62,63,1
64,65,2
67,68,3
67,107,1
67,170,1
68,107,1
68,170,1
71,77,3
71,94,2
71,95,2
71,96,4
71,97,1
71,98,1
71,99,2
71,100,2
71,106,1
71,111,1
71,113,1
71,119,2
71,120,2
71,121,1
71,122,1
71,123,1
71,124,1
71,125,1
71,135,2
71,146,1
71,147,1
72,73,1
74,75,2
77,78,1
77,79,1
77,94,2
77,95,6
77,96,3
77,97,1
77,98,1
77,99,2
77,100,2
77,104,1
77,106,1
77,111,1
77,113,1
77,119,1
77,120,1
77,121,1
77,122,1
77,123,1
77,124,1
77,125,1
78,79,1
82,83,5
82,84,2
83,84,2
85,86,1
85,87,1
85,88,1
86,87,3
86,88,1
86,108,2
86,109,2
87,88,1
87,108,2
87,109,2
89,90,1
91,92,1
94,95,2
94,96,2
94,97,1
94,98,1
94,99,2
94,100,2
94,111,1
94,113,1
94,119,1
94,120,1
94,121,1
94,122,1
94,123,1
94,124,1
94,125,1
95,96,2
95,97,1
95,98,1
95,99,2
95,100,2
95,111,1
95,113,1
95,119,1
95,120,1
95,121,1
95,122,1
95,123,1
95,124,1
95,125,1
96,97,1
96,98,1
96,99,2
96,100,2
96,106,1
96,111,3
96,113,1
96,119,1
96,120,2
96,121,1
96,122,1
96,123,1
96,124,1
96,125,1
96,135,1
97,98,1
97,99,1
97,100,1
97,141,1
97,142,1
98,99,1
98,100,1
99,100,2
99,111,1
99,113,1
99,119,1
99,120,1
99,121,1
99,122,1
99,123,1
99,124,1
99,125,1
99,145,1
100,111,1
100,113,1
100,119,1
100,120,1
100,121,1
100,122,1
100,123,1
100,124,1
100,125,1
102,103,2
108,109,2
108,131,1
108,154,1
108,155,1
109,169,2
110,157,2
110,185,1
110,203,18
110,215,2
110,217,1
110,218,1
110,262,6
110,267,4
110,282,6
110,315,2
110,326,1
110,362,3
110,363,3
110,364,5
110,379,1
110,380,1
110,393,2
110,404,3
110,476,2
110,525,1
110,527,1
111,112,1
111,113,2
111,119,1
111,120,1
111,121,1
111,122,1
111,123,1
111,124,1
111,125,1
112,113,1
113,119,1
113,120,1
113,121,1
113,122,1
113,123,1
113,124,1
113,125,1
115,116,1
115,117,1
115,118,1
116,117,1
116,118,1
117,118,1
119,120,1
119,121,1
119,122,1
119,123,1
119,124,1
119,125,1
119,157,1
119,165,1
120,121,1
120,122,1
120,123,1
120,124,1
120,125,1
120,135,1
121,122,1
121,123,1
121,124,1
121,125,1
122,123,1
122,124,1
122,125,1
123,124,1
123,125,1
124,125,1
126,127,1
126,128,1
126,129,1
126,130,1
127,128,1
127,129,1
127,130,1
128,129,1
128,130,1
129,130,1
131,154,1
131,155,1
132,133,2
132,134,2
133,134,2
134,182,2
135,146,1
136,148,1
137,214,1
138,139,3
138,184,1
139,184,1
141,142,1
143,144,1
145,157,1
150,153,2
151,152,2
151,236,1
152,190,1
152,236,1
152,337,1
152,373,1
152,374,1
152,384,1
152,385,1
152,393,2
152,485,3
152,536,3
152,552,1
153,157,1
153,300,1
154,155,1
156,157,1
157,163,1
157,165,3
157,171,3
157,172,3
157,173,2
157,176,2
157,177,1
157,178,1
157,179,1
157,180,1
157,181,1
157,191,3
157,197,2
157,203,2
157,215,1
157,217,3
157,218,5
157,300,2
160,161,2
160,162,2
161,162,2
162,196,1
162,303,1
163,164,1
165,171,2
165,172,2
165,173,2
165,176,1
168,196,1
171,172,3
171,173,2
171,176,2
172,173,2
172,176,2
173,176,1
174,175,1
177,178,1
177,179,1
177,180,1
178,179,1
178,180,1
179,180,1
179,202,2
179,211,2
179,213,2
179,216,2
183,189,2
183,230,1
183,231,1
183,232,1
183,259,1
183,260,1
183,296,1
183,297,1
183,298,1
183,299,1
185,186,3
185,203,1
185,222,2
185,265,1
186,200,1
186,201,1
186,202,1
186,252,2
187,188,1
189,198,1
189,199,1
189,259,1
189,260,1
190,234,1
190,235,1
190,238,1
190,242,1
190,257,1
190,270,2
190,337,3
190,371,1
190,373,1
190,374,1
190,411,1
190,500,1
190,510,1
191,197,1
191,218,2
192,193,1
192,204,1
192,205,1
192,206,1
195,196,1
196,303,1
197,218,3
198,199,1
200,201,1
200,202,1
201,202,1
202,216,2
203,213,1
203,233,1
203,252,1
203,258,2
203,274,3
203,275,3
203,276,2
203,277,4
203,278,2
203,279,2
203,280,2
203,282,11
203,283,4
203,288,2
203,289,2
203,290,2
203,300,1
203,316,1
203,317,1
203,318,1
203,319,1
203,331,1
203,362,1
203,363,1
203,364,6
203,380,1
203,404,3
203,476,3
203,477,1
203,478,1
203,525,1
203,527,1
204,205,1
204,206,1
205,206,1
206,267,1
206,293,1
206,294,1
206,295,1
207,208,1
207,209,1
208,209,1
210,211,1
210,212,1
211,212,1
211,213,2
211,367,1
212,258,1
212,265,1
212,283,1
215,217,1
215,218,1
215,379,1
217,218,1
220,221,3
220,253,1
221,253,1
222,246,2
222,262,1
222,265,1
222,301,1
222,302,1
223,224,2
223,225,2
223,226,2
224,225,2
224,226,2
225,226,2
227,228,1
227,229,1
228,229,2
229,416,1
229,417,1
230,231,1
230,232,1
231,232,1
234,235,1
238,239,1
238,337,2
238,409,1
238,410,1
238,411,2
238,412,1
238,500,1
240,241,1
243,244,2
243,245,2
244,245,4
244,247,2
244,248,2
244,284,1
244,285,1
244,286,1
244,287,1
244,353,1
244,354,1
244,393,1
245,284,1
245,285,1
245,286,1
245,287,1
247,248,2
248,261,3
249,250,1
252,364,1
254,255,1
254,256,1
255,256,1
256,305,1
258,265,1
258,283,1
259,260,1
262,265,1
262,283,1
262,311,1
263,264,1
265,282,3
265,283,4
265,320,9
265,324,3
265,327,7
265,334,1
265,335,1
265,365,1
265,366,1
265,380,1
265,381,1
265,394,1
265,427,2
265,433,1
266,315,1
266,321,1
266,352,1
266,368,1
266,369,1
266,370,1
267,291,2
267,293,1
267,294,1
267,295,1
267,315,3
267,393,2
267,401,1
268,269,2
268,357,1
269,357,1
270,393,1
270,434,1
271,272,2
271,304,1
272,304,1
274,275,3
274,276,2
274,277,3
274,278,2
274,279,2
274,280,2
274,316,1
274,317,1
274,318,1
274,319,1
275,276,2
275,277,3
275,278,2
275,279,2
275,280,2
275,316,1
275,317,1
275,318,1
275,319,1
276,277,2
276,278,2
276,279,2
276,280,2
276,316,1
276,317,1
276,318,1
276,319,1
277,278,2
277,279,2
277,280,2
277,316,1
277,317,1
277,318,1
277,319,1
278,279,2
278,280,2
278,316,1
278,317,1
278,318,1
278,319,1
279,280,2
279,316,1
279,317,1
279,318,1
279,319,1
280,316,1
280,317,1
280,318,1
280,319,1
282,283,6
282,320,1
282,324,1
282,327,1
282,331,1
282,340,1
282,341,1
282,362,1
282,363,1
282,380,1
282,381,1
282,404,3
282,433,2
282,473,1
282,479,1
282,480,1
282,490,1
283,309,1
283,310,1
283,311,4
283,340,2
283,341,1
283,365,1
283,366,1
283,382,1
283,383,1
283,433,1
284,285,1
284,286,1
284,287,1
285,286,1
285,287,1
286,287,1
286,585,1
286,586,1
286,587,1
286,588,1
288,289,2
288,290,2
288,378,1
288,386,1
288,479,1
288,480,1
289,290,2
291,292,1
291,346,1
291,376,1
291,403,1
293,294,1
293,295,1
294,295,1
296,297,1
296,298,1
296,299,1
297,298,1
297,299,1
298,299,1
301,302,1
306,307,1
306,308,1
307,308,1
309,310,1
312,313,1
314,315,4
314,322,2
314,323,2
314,401,1
314,402,1
315,321,2
315,322,2
315,323,2
315,336,2
315,356,2
315,368,1
315,369,1
315,370,1
315,393,1
315,401,1
315,402,1
315,474,1
315,526,1
315,533,1
316,317,1
316,318,1
316,319,1
317,318,1
317,319,1
318,319,1
320,324,3
320,327,2
320,334,1
320,335,1
320,355,1
320,394,1
320,433,1
321,368,1
321,369,1
321,370,1
322,323,3
322,405,1
323,405,1
324,433,1
326,362,1
326,380,3
326,389,1
326,390,1
326,392,1
326,430,1
326,431,1
326,484,1
326,538,3
326,556,1
327,380,1
327,381,1
327,427,3
327,432,1
327,504,1
327,505,1
328,329,1
328,330,1
329,330,1
332,333,17
332,338,2
332,339,1
332,350,2
332,351,1
332,415,1
332,475,1
333,338,2
333,339,1
333,350,2
333,351,1
333,415,1
333,475,1
333,476,1
334,335,1
337,348,1
337,349,1
337,371,2
337,372,2
337,373,1
337,374,1
337,387,1
337,409,1
337,410,1
337,411,2
337,412,1
337,418,1
337,419,1
337,420,1
337,500,1
337,503,1
337,510,1
338,339,1
338,475,1
340,341,1
340,433,1
340,524,1
340,529,2
340,562,1
341,350,1
341,379,3
341,380,1
341,381,1
341,430,1
341,431,1
341,432,2
341,433,1
341,436,3
341,476,1
341,481,1
341,491,1
341,498,2
341,499,2
341,502,1
341,517,1
341,529,3
341,533,1
341,548,1
341,555,1
341,570,1
342,343,1
342,344,1
342,345,1
343,344,1
343,345,1
344,345,1
348,349,1
350,351,1
350,381,1
350,439,1
350,481,2
353,354,2
356,440,1
356,441,1
356,442,1
356,443,1
356,444,1
356,445,1
356,446,1
356,447,1
356,448,1
356,449,1
356,450,1
356,451,1
356,452,1
356,453,1
356,454,1
356,455,1
356,456,1
356,457,1
356,458,1
356,459,1
356,460,1
356,461,1
356,462,1
356,463,1
356,464,1
356,465,1
356,466,1
356,467,1
356,468,1
356,469,1
356,470,1
356,471,1
356,472,1
358,433,1
359,360,2
359,361,2
359,376,1
359,378,1
359,515,1
360,361,2
362,363,8
362,379,1
362,380,4
362,430,6
362,431,7
362,432,1
362,482,1
362,483,1
362,484,7
362,505,1
362,524,1
362,533,1
363,379,1
363,380,2
363,533,1
364,379,1
364,413,1
364,476,2
364,525,2
364,527,2
365,366,1
368,369,1
368,370,1
369,370,1
371,510,1
373,374,1
375,376,1
375,377,1
375,378,1
376,377,1
376,378,3
376,388,2
376,393,2
376,401,2
376,403,1
376,425,2
376,426,2
376,485,1
376,540,1
377,378,1
378,544,1
379,413,1
379,414,1
379,427,2
379,432,1
379,439,1
379,479,2
379,480,1
379,481,1
379,498,1
379,499,1
379,529,4
379,551,1
379,570,1
380,381,2
380,432,2
380,433,3
380,436,1
380,473,1
380,476,1
380,491,1
380,505,1
380,506,1
380,507,1
380,508,1
380,524,1
380,526,1
380,532,1
380,533,1
380,538,4
380,547,1
380,556,1
380,571,1
380,572,1
380,573,1
381,394,2
381,433,1
381,439,2
381,473,1
381,481,3
381,517,1
381,537,2
381,538,3
382,383,1
384,385,1
385,388,2
385,393,2
385,401,1
385,474,1
385,557,2
385,558,2
385,589,1
385,590,1
387,388,4
387,474,1
387,503,1
388,393,3
388,401,2
388,428,1
388,429,1
388,474,2
388,511,1
388,512,1
388,589,1
388,590,1
389,390,2
389,391,1
389,392,2
389,538,1
390,391,2
390,392,6
390,538,1
390,540,2
390,553,1
390,554,1
391,392,4
392,538,1
392,540,2
392,553,1
392,554,1
393,401,3
393,434,1
393,435,1
393,474,1
393,485,2
393,536,2
393,590,1
394,406,1
394,407,1
394,408,1
394,439,4
394,481,2
394,493,1
394,494,1
394,495,1
394,496,1
394,497,1
394,504,1
394,517,1
394,518,1
394,545,1
394,546,1
395,396,1
395,397,1
395,398,1
396,397,1
396,398,1
397,398,1
399,400,1
401,402,1
402,474,3
406,407,1
406,408,1
407,408,1
409,410,1
409,411,1
409,412,1
410,411,1
410,412,1
411,412,1
411,500,1
416,417,1
418,419,1
418,420,1
419,420,1
421,422,1
423,424,1
425,426,2
427,432,1
427,493,1
427,504,2
427,505,1
428,429,1
430,431,8
430,484,6
431,484,7
432,433,1
432,436,1
432,476,1
432,491,1
432,504,1
432,505,1
432,526,1
432,528,1
432,529,2
432,533,1
433,436,1
433,473,1
433,476,1
433,491,1
433,532,1
436,476,1
436,491,1
436,498,1
436,499,1
437,438,4
437,439,4
437,530,1
437,531,1
438,439,4
438,530,1
438,531,1
439,481,5
439,494,1
439,495,1
439,496,1
439,497,1
439,529,1
439,530,1
439,531,1
439,549,1
439,550,1
440,441,1
440,442,1
440,443,1
440,444,1
440,445,1
440,446,1
440,447,1
440,448,1
440,449,1
440,450,1
440,451,1
440,452,1
440,453,1
440,454,1
440,455,1
440,456,1
440,457,1
440,458,1
440,459,1
440,460,1
440,461,1
440,462,1
440,463,1
440,464,1
440,465,1
440,466,1
440,467,1
440,468,1
440,469,1
440,470,1
440,471,1
440,472,1
441,442,1
441,443,1
441,444,1
441,445,1
441,446,1
441,447,1
441,448,1
441,449,1
441,450,1
441,451,1
441,452,1
441,453,1
441,454,1
441,455,1
441,456,1
441,457,1
441,458,1
441,459,1
441,460,1
441,461,1
441,462,1
441,463,1
441,464,1
441,465,1
441,466,1
441,467,1
441,468,1
441,469,1
441,470,1
441,471,1
441,472,1
442,443,1
442,444,1
442,445,1
442,446,1
442,447,1
442,448,1
442,449,1
442,450,1
442,451,1
442,452,1
442,453,1
442,454,1
442,455,1
442,456,1
442,457,1
442,458,1
442,459,1
442,460,1
442,461,1
442,462,1
442,463,1
442,464,1
442,465,1
442,466,1
442,467,1
442,468,1
442,469,1
442,470,1
442,471,1
442,472,1
443,444,1
443,445,1
443,446,1
443,447,1
443,448,1
443,449,1
443,450,1
443,451,1
443,452,1
443,453,1
443,454,1
443,455,1
443,456,1
443,457,1
443,458,1
443,459,1
443,460,1
443,461,1
443,462,1
443,463,1
443,464,1
443,465,1
443,466,1
443,467,1
443,468,1
443,469,1
443,470,1
443,471,1
443,472,1
444,445,1
444,446,1
444,447,1
444,448,1
444,449,1
444,450,1
444,451,1
444,452,1
444,453,1
444,454,1
444,455,1
444,456,1
444,457,1
444,458,1
444,459,1
444,460,1
444,461,1
444,462,1
444,463,1
444,464,1
444,465,1
444,466,1
444,467,1
444,468,1
444,469,1
444,470,1
444,471,1
444,472,1
445,446,1
445,447,1
445,448,1
445,449,1
445,450,1
445,451,1
445,452,1
445,453,1
445,454,1
445,455,1
445,456,1
445,457,1
445,458,1
445,459,1
445,460,1
445,461,1
445,462,1
445,463,1
445,464,1
445,465,1
445,466,1
445,467,1
445,468,1
445,469,1
445,470,1
445,471,1
445,472,1
446,447,1
446,448,1
446,449,1
446,450,1
446,451,1
446,452,1
446,453,1
446,454,1
446,455,1
446,456,1
446,457,1
446,458,1
446,459,1
446,460,1
446,461,1
446,462,1
446,463,1
446,464,1
446,465,1
446,466,1
446,467,1
446,468,1
446,469,1
446,470,1
446,471,1
446,472,1
447,448,1
447,449,1
447,450,1
447,451,1
447,452,1
447,453,1
447,454,1
447,455,1
447,456,1
447,457,1
447,458,1
447,459,1
447,460,1
447,461,1
447,462,1
447,463,1
447,464,1
447,465,1
447,466,1
447,467,1
447,468,1
447,469,1
447,470,1
447,471,1
447,472,1
448,449,1
448,450,1
448,451,1
448,452,1
448,453,1
448,454,1
448,455,1
448,456,1
448,457,1
448,458,1
448,459,1
448,460,1
448,461,1
448,462,1
448,463,1
448,464,1
448,465,1
448,466,1
448,467,1
448,468,1
448,469,1
448,470,1
448,471,1
448,472,1
449,450,1
449,451,1
449,452,1
449,453,1
449,454,1
449,455,1
449,456,1
449,457,1
449,458,1
449,459,1
449,460,1
449,461,1
449,462,1
449,463,1
449,464,1
449,465,1
449,466,1
449,467,1
449,468,1
449,469,1
449,470,1
449,471,1
449,472,1
450,451,1
450,452,1
450,453,1
450,454,1
450,455,1
450,456,1
450,457,1
450,458,1
450,459,1
450,460,1
450,461,1
450,462,1
450,463,1
450,464,1
450,465,1
450,466,1
450,467,1
450,468,1
450,469,1
450,470,1
450,471,1
450,472,1
451,452,1
451,453,1
451,454,1
451,455,1
451,456,1
451,457,1
451,458,1
451,459,1
451,460,1
451,461,1
451,462,1
451,463,1
451,464,1
451,465,1
451,466,1
451,467,1
451,468,1
451,469,1
451,470,1
451,471,1
451,472,1
452,453,1
452,454,1
452,455,1
452,456,1
452,457,1
452,458,1
452,459,1
452,460,1
452,461,1
452,462,1
452,463,1
452,464,1
452,465,1
452,466,1
452,467,1
452,468,1
452,469,1
452,470,1
452,471,1
452,472,1
453,454,1
453,455,1
453,456,1
453,457,1
453,458,1
453,459,1
453,460,1
453,461,1
453,462,1
453,463,1
453,464,1
453,465,1
453,466,1
453,467,1
453,468,1
453,469,1
453,470,1
453,471,1
453,472,1
454,455,1
454,456,1
454,457,1
454,458,1
454,459,1
454,460,1
454,461,1
454,462,1
454,463,1
454,464,1
454,465,1
454,466,1
454,467,1
454,468,1
454,469,1
454,470,1
454,471,1
454,472,1
455,456,1
455,457,1
455,458,1
455,459,1
455,460,1
455,461,1
455,462,1
455,463,1
455,464,1
455,465,1
455,466,1
455,467,1
455,468,1
455,469,1
455,470,1
455,471,1
455,472,1
456,457,1
456,458,1
456,459,1
456,460,1
456,461,1
456,462,1
456,463,1
456,464,1
456,465,1
456,466,1
456,467,1
456,468,1
456,469,1
456,470,1
456,471,1
456,472,1
457,458,1
457,459,1
457,460,1
457,461,1
457,462,1
457,463,1
457,464,1
457,465,1
457,466,1
457,467,1
457,468,1
457,469,1
457,470,1
457,471,1
457,472,1
458,459,1
458,460,1
458,461,1
458,462,1
458,463,1
458,464,1
458,465,1
458,466,1
458,467,1
458,468,1
458,469,1
458,470,1
458,471,1
458,472,1
459,460,1
459,461,1
459,462,1
459,463,1
459,464,1
459,465,1
459,466,1
459,467,1
459,468,1
459,469,1
459,470,1
459,471,1
459,472,1
460,461,1
460,462,1
460,463,1
460,464,1
460,465,1
460,466,1
460,467,1
460,468,1
460,469,1
460,470,1
460,471,1
460,472,1
461,462,1
461,463,1
461,464,1
461,465,1
461,466,1
461,467,1
461,468,1
461,469,1
461,470,1
461,471,1
461,472,1
462,463,1
462,464,1
462,465,1
462,466,1
462,467,1
462,468,1
462,469,1
462,470,1
462,471,1
462,472,1
463,464,1
463,465,1
463,466,1
463,467,1
463,468,1
463,469,1
463,470,1
463,471,1
463,472,1
464,465,1
464,466,1
464,467,1
464,468,1
464,469,1
464,470,1
464,471,1
464,472,1
465,466,1
465,467,1
465,468,1
465,469,1
465,470,1
465,471,1
465,472,1
466,467,1
466,468,1
466,469,1
466,470,1
466,471,1
466,472,1
467,468,1
467,469,1
467,470,1
467,471,1
467,472,1
468,469,1
468,470,1
468,471,1
468,472,1
469,470,1
469,471,1
469,472,1
470,471,1
470,472,1
471,472,1
473,506,1
473,507,1
473,508,1
473,509,1
474,574,1
474,575,1
474,576,1
474,577,1
474,589,1
476,477,1
476,478,1
476,491,1
476,525,1
476,527,1
477,478,1
479,480,3
479,490,1
479,551,1
480,490,1
481,529,1
482,483,1
485,486,1
485,487,1
485,488,1
485,536,3
485,552,1
486,487,1
486,488,1
487,488,1
492,493,1
493,504,3
493,545,1
493,546,1
493,563,1
493,564,1
494,495,1
494,496,1
494,497,1
494,541,1
494,542,1
494,543,1
495,496,1
495,497,1
496,497,1
498,499,2
498,529,1
498,570,1
499,529,1
499,570,1
501,519,1
501,520,1
501,521,1
501,522,1
501,523,1
504,505,1
504,545,1
504,546,1
504,563,2
504,564,1
505,524,1
506,507,2
506,508,2
506,509,1
506,547,1
507,508,3
507,509,2
507,547,1
508,509,2
508,547,1
511,512,1
513,514,2
517,518,1
517,529,1
517,534,4
517,535,4
517,538,1
517,539,1
517,556,3
519,520,1
519,521,1
519,522,1
519,523,1
520,521,1
520,522,1
520,523,1
521,522,1
521,523,1
522,523,1
524,529,1
524,562,1
524,567,1
525,526,1
525,527,3
526,527,1
526,533,2
526,538,1
528,529,1
529,534,1
529,535,1
529,556,1
529,562,1
529,570,1
530,531,1
533,555,1
534,535,4
534,556,3
535,556,3
536,552,1
537,538,2
538,556,1
541,542,1
541,543,1
542,543,1
545,546,1
549,550,1
553,554,1
557,558,2
559,560,1
559,561,1
560,561,1
563,564,1
565,566,1
565,568,1
565,569,1
568,569,1
571,572,1
571,573,1
572,573,1
574,575,1
574,576,1
574,577,1
575,576,1
575,577,1
576,577,1
578,579,1
578,580,1
578,581,1
578,582,1
578,583,1
578,584,1
579,580,1
579,581,1
579,582,1
579,583,1
579,584,1
580,581,1
580,582,1
580,583,1
580,584,1
581,582,1
581,583,1
581,584,1
582,583,1
582,584,1
583,584,1
585,586,1
585,587,1
585,588,1
586,587,1
586,588,1
587,588,1
591,592,1
591,593,1
591,594,1
591,595,1
592,593,1
592,594,1
592,595,1
593,594,1
593,595,1
594,595,1
